[Smart-Scanning.jpg]
text=3;135;22;Virus Blocker  3.0.0.1;Impact;0.039135,0.732785,0.155204,5.759586;v1,4283722900,0,128.000000,1.000000,0.000000,0.175781,400,0,49152;;127;14;Pravin H. Rane;Impact;0.645150,0.815254,0.069534,0.000000;v1,4283722900,0,128.000000,1.000000,0.158879,0.550781,400,2,49152;;136;23;pravin.rane38@gmail.com;Impact;0.583055,0.883723,0.044444,0.000000;v1,4283722900,0,128.000000,1.000000,0.158879,0.550781,400,2,49152;;
backuphash=51498
textactive=1
